   11.8773   34.5887  -46.3143   -1.3498
    1.4191   40.0667  -46.6013   -0.3862
    1.1777   42.5462  -45.3973    1.2771
   27.4551   46.6761  -42.1724   -2.4366
  -13.1104   50.6190  -39.8859   -0.2239
   36.2581   51.5436  -39.3027    0.6786
  -14.0844   56.2820  -41.0965   -0.7122
   20.8365   61.7872  -35.8887   -1.0776
  -23.7158   73.0504  -36.7697    0.7998
  -59.7082   71.5685  -33.1236   -0.8792
    9.1213   75.3892  -29.3632    0.4864
   26.1767   71.4100   14.6552   -0.1892
   10.1026   63.5861   39.6925   -0.0515
    9.2310   67.3750   40.8650    0.2257
   15.5441   61.8878   40.1608    0.4398
    3.5458   69.1825   41.4577   -0.7320
   -8.8526   59.3959   40.9448    0.3437
  -23.2926   49.4722   37.9322   -0.3878
  -31.9024   47.3110   36.1719    0.0317
   11.8524   47.6495   33.5889    0.5552
    3.7577   47.9757   32.0806   -0.5139
    1.6349   46.3376   31.8258   -2.1276
  -10.7655   25.4999   33.3402    0.2680
  -48.8069   10.4380   32.1817   -1.0931
  -23.3933    3.8215   33.7786   -0.0600
   -1.9156   -9.7627   35.1462    0.3623
   -8.9174  -23.3821   34.6174   -0.2930
    5.5225  -26.0005   34.5043   -1.2231
   29.9622  -18.9512   40.1747   -0.1163
   31.1723  -23.7200   38.3928    0.4273
   25.5941  -27.3742   39.5790   -2.5675
   37.0258  -16.5595   37.3591    0.5383
 -118.8875  -16.1659   41.1324    0.1205
   41.3806   -7.6474   42.9655   -2.3702
   16.2231  -17.6977   40.8834   -0.0993
  -17.5549  -27.4741   29.5446    0.0350
   31.9133  -31.7717   29.2902   -0.8525
   29.5855  -14.7098   30.9793    0.2499
  -22.1314  -11.5368   29.9087   -1.4075
    5.1252   -3.6737   29.5246    2.4281
   38.7579   -1.2650   29.5147   -0.2069
    7.2057   -5.4346   29.2093   -1.1836
    8.4737   -7.4425   29.2012    2.7918
   18.5119   -8.0455   27.8657   -0.2326
   36.2084   -4.9315   27.4946   -0.7857
   11.1550   -3.7955   27.8147    4.9503
   29.3070  -17.3901   28.2524   -0.4595
 -113.3295  -29.9569   30.6158    0.6652
   77.9832  -25.9164   32.3254    1.7763
    9.7543  -26.1955   32.0962   -0.0187
  -18.9504  -24.3904   30.1816    0.0458
  -38.9876  -17.3683   31.6432    1.9229
   18.3141  -21.5817   31.2145    0.2901
  -23.1434  -25.0382   29.4127   -0.4181
   16.9610  -27.5533   30.5689    1.1808
   24.9204  -27.6545   29.0083    0.5950
   -2.5589  -14.9057   28.9331   -0.1034
   22.8363  -15.3274   28.6286    1.3293
   24.0469  -19.2183   29.1674    0.4722
 -113.8815  -19.6327   26.8880    0.1832
   31.3925  -19.8845   25.6502    0.7266
   10.4478  -20.2919   26.1215    0.3297
   18.1129  -20.8518   24.1623    0.1724
  -20.5883   -7.1184   23.9887    0.4114
   28.0337   -3.1267   23.4231    0.6306
   -8.5531   -9.5963   22.3123    0.8335
   16.0520   -9.9796   21.4962   -0.3022
   41.4259   -1.1979   21.0728    0.1982
    8.2117   -4.1925   20.8605    1.3292
    2.8199    5.2123   21.0152   -1.4269
  -26.2241    3.1716   21.7721    0.4317
  -30.3958   -3.2589   24.5721    0.7392
    6.4666    0.2315   25.9774   -0.1932
   22.8005   11.1971   28.2540    0.1314
   23.8460   12.0734   34.1446    1.0175
   -3.8809   22.5759   40.7855   -0.0750
    4.8158   30.7292   49.8224   -0.2917
   12.0123   34.0143   58.0655    0.6451
   -2.4004   25.5783   60.8932    0.3452
   -4.5874   28.4043   64.3531   -0.6278
    8.4409   27.9531   63.2437    0.2644
    6.1137   30.0995   69.7558   -0.3023
   -8.7380   23.0999   75.3396    0.0287
  -21.7808   22.2124   80.0896   -0.2218
    7.0571   24.2538   84.0425    0.1812
  -20.6162   24.5889   85.7593    0.2395
  -24.7038   32.3338   85.1239    0.1987
  -12.2343   33.2541   86.4680   -1.8715
    4.6050   29.9806   85.9296    0.4781
   -8.0201   24.7210   85.8954    0.3175
   -3.2836   28.3563   84.9686   -1.4735
  -23.4050   28.5760   84.1888    1.2244
  -51.6351   28.1402   83.7319    0.1015
   17.6290   31.8145   83.9945   -1.7831
   28.8526   32.9034   84.5915    0.2496
   -3.2334   30.7622   92.3218   -0.6683
    5.4779   29.4822   91.7939   -0.3753
   13.3926   24.3853   89.3293    0.4512
  -20.6951   22.3265   89.0273   -0.4185
  -16.9264   17.5898   86.8610   -0.3465
  -14.4817   19.6307   83.8093    0.5155
  -27.9060   15.3921   81.4877   -1.0676
  -20.6039    6.6868   78.6261    0.8895
    2.4594    5.3035   76.5881   -0.3900
    8.0737    6.5531   76.2382   -0.1528
  -12.6864    5.9993   77.9885   -0.2738
   21.2956    2.4581   76.9485   -0.2838
   -5.5340    0.0539   75.4832   -0.7006
  -14.0946   -5.0174   74.9970    0.2057
  -41.1448    0.1184   70.9418    0.2774
  -30.2036    4.2208   66.8876   -0.8120
   19.7568    2.2939   65.8227    1.4846
   44.1581  -11.4008   67.7168   -0.9844
   -9.4134  -26.7396   66.1615   -0.0591
   -1.7563  -28.2952   64.4804    0.3021
   -3.2719  -17.8384   64.7229   -0.3019
   38.1825  -17.5196   65.0684   -0.9621
   12.8232  -15.7633   64.5978    1.2041
  -24.8338  -12.6546   64.1765   -0.8041
  -33.2395  -11.4116   59.4576    1.1904
  -69.0584   -8.5022   57.2962   -0.7997
   22.0536   -6.7778   49.3172   -0.0563
    5.2623   -5.4623   46.9034   -0.0769
   39.3751   -5.6232   48.5533   -2.0575
    4.7755  -14.1820   50.7758    1.5666
   39.7987  -21.2151   48.7532   -0.3438
   -3.3638  -21.8777   50.9935   -1.6505
   14.3132  -19.9310   50.8297    1.7730
   -5.6917  -18.0920   50.8712   -0.6758
    8.0173  -13.5974   48.5999   -1.1741
  -17.6080  -19.9193   49.0229    2.1798
    2.5347  -18.8822   46.6137    0.0114
    7.6944  -14.9021   46.5064   -1.8979
   -6.0901  -12.3886   46.3527    0.6959
    4.3626  -10.1388   46.5159    0.8509
   -8.3664  -10.4529   46.8364   -0.8939
   27.8148  -15.5863   46.4038    0.8987
  -15.6032  -18.5914   45.3658    0.8545
  -37.1714  -18.0560   44.8018   -0.6967
   10.2828  -16.1322   43.7512   -0.3899
    9.1333  -15.3968   43.6830    2.4128
    0.3763  -10.9428   43.3191   -2.4353
   -0.8855  -12.7136   40.5922    0.7609
  -27.6788  -14.7531   38.4932    0.6535
   32.8469  -16.3405   36.0916   -0.0077
    4.8175  -14.4116   36.3973    0.3751
   -9.3888  -11.1324   37.6339    0.4651
  -32.2238  -11.4375   37.4834    0.0607
  -33.6271  -17.2801   35.9277   -0.3905
   23.8140  -29.6160   33.2148    1.0126
   -3.1434  -33.9720   33.1797    0.1198
   42.4336  -27.4539   32.8064    0.2537
   36.7761  -19.6688   33.2993   -0.6448
   10.2367  -19.2687   34.0638    1.0428
    6.6985  -19.7799   30.1931    0.0024
  -22.4386  -20.8163   24.8215    0.0166
    0.2160  -28.9999   -6.9571    0.7193
  -10.7820  -32.8211  -30.5901   -0.2794
    2.2642  -38.1711  -38.0456    1.1478
   25.3742  -40.6852  -38.1692   -0.4727
   16.3078  -41.2501  -45.7771    0.7567
   23.6519  -46.4061  -57.4530    0.6942
   13.3759  -42.6126  -49.1109   -0.7475
  -84.9905  -27.5092  -41.5422    0.3664
    7.7588  -27.1514  -42.2701    1.4519
   19.9926  -28.7481  -37.2673    1.7769
    3.6266  -28.4058  -32.4885    0.4672
  -14.9135  -23.3384  -18.1087   -0.2425
  -15.1199  -22.7570  -15.2961   -0.3118
  -16.3097  -18.1825  -14.0177    1.0896
   14.8222  -12.6141  -10.8773    1.3222
   17.4707   -6.1833   -9.1508   -0.1157
   -6.4675  -12.0460   -7.1030    0.3206
   54.3186  -13.7465   -4.4698    1.1188
   16.4083   -3.5026   -4.5971    0.8584
  -12.4762   -4.3086   -8.9058    0.6978
    4.0222   -0.2110   -9.3827    0.2142
   -9.5514    1.7900  -11.8571   -0.6772
    1.5350    3.8275  -17.3512    0.0118
  -16.2777    5.4727  -28.4267    0.4646
    1.6800    9.6313  -28.7285    4.8320
    7.5517   11.2830  -33.6291   -0.2892
    6.4679    9.3490  -28.3615   -1.1941
   -5.8842    8.1051  -26.6520    1.5327
   -7.0028   -0.1369  -29.8130   -0.5213
    8.8564   -1.4572  -34.7896    1.3382
   23.8195    0.3147  -38.5752    1.2368
    7.2006    1.5229  -42.4039   -0.2181
   33.6546    5.5153  -48.6156    1.9513
    9.0171    9.6112  -51.9827    2.0086
    4.8244    9.2331  -41.4710    1.8615
  -57.7846   12.1730  -29.0642    2.7347
   -9.8360    8.3708  -25.9018   -3.8553
    8.2603   12.2252  -19.6433    0.5756
    8.7732   12.2065  -10.6263    0.6409
   -1.6070   13.0137  -13.9078    2.2969
    0.7529    6.2677  -18.4113    0.5740
   10.4915    4.3908  -20.2775   -0.5638
   17.8543    8.2841  -24.5939    0.4446
    1.6479    8.3546  -22.5963    1.2291
   11.2562    9.8923  -19.3440   -1.6971
   14.8459   13.7453  -19.5780   -1.8325
   -6.9508   12.4934  -10.8716   -0.4515
  -10.9423   13.6688   -9.5489   -1.6121
    5.0613   11.3698  -13.5645    0.8755
   17.5930   11.1547  -18.3716   -0.3842
   -5.3563    6.5573  -31.4312    1.3336
  -11.0697    0.4860  -35.1919   -1.3531
  -16.3565   -4.0500  -41.7050    0.2016
    2.0727  -10.7565  -33.3877    0.1083
  -72.5080  -10.5636    4.0776   -0.8650
   52.5156  -12.4950   24.2321   -1.8725
    6.8411   -9.9598   33.1227   -0.0981
   16.2920   -7.6881   24.3627    0.0227
    4.1772   -2.3704    7.3412   -0.0043
   -3.5750   -0.8303   -6.6749   -0.1125
   -6.1641    2.4109  -26.5177   -0.1394
    5.0641    2.8235  -30.5316   -0.6551
  -28.0234    0.3280  -26.6307   -0.2138
   -3.5936    0.8109  -26.7821   -1.3544
    3.9094    1.2830  -30.2866   -0.7326
   19.9560   -2.7112  -28.4291   -1.3021
  -13.9620   -5.2202  -25.6284   -0.3020
   20.7697   -3.3579  -24.3828    0.6719
   -0.8846   -2.7257  -20.1018   -1.4134
    4.8657   -0.1137  -23.1397   -0.2078
    8.0358   -3.7924  -35.3824   -0.5660
    1.3348   -8.2259  -41.8892   -0.8257
  -16.5117  -12.9933  -42.7289   -1.0487
  -12.9648  -16.0288  -40.8639    1.0894
    7.2050  -18.2071  -35.0889   -1.5551
  -22.7259  -15.0158  -27.4458   -0.6502
    4.9218  -18.4279  -22.3446    0.9342
    9.3791  -21.5758  -23.0846   -0.5247
   -0.2662  -22.1123  -25.8115   -0.5766
    5.2457  -19.7018  -25.9724    0.4128
   15.8601  -18.3436  -25.9822   -0.3521
   -5.7213  -14.0917  -31.2466    0.2184
    6.3474   -8.1469  -39.6545   -0.5158
   -3.6506   -8.5228  -40.8352   -0.2789
    7.0129   -8.7563  -37.4785   -0.6247
  -14.1536   -6.5585  -35.2905    0.9098
  -14.0878   -6.1234  -32.7079   -0.3766
    3.7493   -4.7060  -35.5245    0.2341
   -5.7215   -7.3714  -41.8801   -0.1125
   12.1721  -11.2516  -48.0922   -0.1666
   -3.5551  -14.0249  -49.3807   -0.1834
    0.2267  -10.6046  -51.5860    0.1923
    9.2548  -12.4592  -50.2519    0.1059
    1.2685  -14.3163  -60.9270   -0.0287
    7.6713  -16.2721  -72.3428   -0.2706
    3.8237  -18.9247  -69.4395    0.5998
   -3.5338  -21.7225  -69.9448   -0.0050
   -1.7991  -19.6030  -68.0698   -0.9115
   -9.1478  -17.0677  -58.3174    0.3742
    8.7956  -11.6074  -50.5909   -0.0006
    6.2148  -14.5579  -42.9258   -0.2389
   -7.8783  -14.1216  -40.4854   -0.1322
   -2.1332   -9.8904  -45.9221   -0.2677
   11.9974   -4.8758  -50.7295    0.0337
    9.7273    0.3943  -48.5590    0.6332
    3.3913    2.4266  -47.6653   -0.7813
    6.2254    5.0480  -52.0844    1.1528
   -7.6481    1.8748  -47.5259    0.4704
   10.0589   -0.1756  -43.9412   -0.6573
  -14.5042    5.9310  -44.1398    0.2822
   15.5382    3.9683  -36.2326    0.3605
    0.0913    2.7795  -37.1815    0.0367
  -16.6529   -3.2822  -43.6601   -0.1408
   18.4558   -2.1172  -49.2745    2.9452
    2.5209   -1.7356  -49.2288    0.2609
    7.5543   -3.3246  -48.3370   -0.1490
   -6.5197   -7.4535  -51.1435    0.3714
    3.7968   -8.3648  -49.8716    0.5994
    7.4354   -9.8243  -44.0675   -0.2607
   -1.3763  -11.8902  -44.8716    0.3544
    7.5297  -13.9418  -43.4199    0.6799
   -2.8170  -11.0028  -32.4212   -0.0515
   -2.7986  -11.4334  -25.8668    0.4006
    0.0048  -12.7464  -31.8988    0.1787
    6.0519  -19.0183  -36.1478   -0.0962
    1.6291  -25.7201  -34.9002   -0.5492
   -6.2117  -22.9472  -30.3917   -1.0748
    8.8928  -22.4957  -23.6121    0.8151
    6.7032  -20.6082  -18.7132    0.9778
    8.3749   -9.9023  -21.4700   -0.7831
   10.6044   -8.2201  -19.2805    0.6697
   -1.2363   -7.2501  -20.3339   -0.3131
    6.5638  -10.2617  -30.2791   -0.3388
   -0.2586   -8.9827  -38.9384    0.9990
    9.6053  -10.1387  -46.1952    0.4639
  -11.9557   -9.6977  -42.2364   -0.8543
  -14.2462   -9.8780  -49.1116    0.4620
    8.2447   -6.5220  -48.4327    0.9132
   16.1513   -5.6020  -46.0300   -0.7325
    6.3740   -3.3093  -46.8928    0.6185
    9.3538   -4.3983  -42.2664    0.2172
   -2.6286   -5.0094  -47.0346   -0.3505
   -3.3763   -6.4122  -58.5188    0.8895
   21.9689   -9.4627  -69.3527    0.1312
    6.5100  -18.2077  -76.6615    0.4292
   -2.0770  -19.1250  -84.3036   -0.1088
   -2.4403  -23.2334  -80.6890    1.0886
   -9.5455  -24.2498  -82.5089   -0.3698
   -4.9416  -29.4978  -90.8941    0.8013
   -2.3260  -33.0428  -91.6577   -0.5946
  -17.9280  -30.5189  -93.6150    0.7421
    1.5807  -22.1184  -81.8000    0.5726
    2.1614  -19.6335  -87.3511   -0.3958
   15.2366  -23.0108  -97.1776    0.2405
   -3.1666  -22.7422 -113.0943   -0.0426
    3.8029  -31.3305 -105.3953    0.4444
    5.7582  -31.0532 -103.7359   -0.3307
   -5.7633  -23.5925  -87.9813    0.9670
  -26.1466  -28.7460  -68.3693   -0.8216
   -3.5337  -21.3651  -63.4927    4.1501
  -19.3280  -26.8972  -61.3326    0.1646
   27.9638  -24.2267  -49.1336    0.1663
   -2.0152  -19.7934  -41.3391    0.0505
    0.8071  -15.1885  -31.6515    0.4838
    9.2257   -3.8654  -31.9226   -0.3042
   -0.3797   -3.6368  -25.3065    0.3308
  -14.7931   -1.6797  -20.4468   -0.1240
   17.8042   -4.4078  -16.9549   -0.2068
   11.2977   -1.6471   -9.3906    0.2858
    0.5775    3.2992   -8.8517   -0.8092
   11.9809    3.7061  -21.9299    0.9746
    8.9070    1.6754  -13.9650   -3.2818
   -3.6317    1.1267   -5.2755   -2.0617
   10.9162    2.4328   -8.7637   -1.1845
   14.2230    3.7559   -5.9466    0.9349
    0.6605    5.6916   -0.5347   -2.7651
    7.5393    7.1658   -3.5282   -0.2000
    9.3121    7.9409   -2.7292    0.4649
  -21.7043    4.0567  -20.4336   -1.8640
   -2.1978    0.9142  -23.8229    0.2696
   -8.3383   -2.6774  -22.1095   -0.8529
   11.8623   -2.9722  -30.3409   -2.0247
  -15.5797   -4.2146  -30.5980   -0.7566
  -12.3518   -3.3928  -24.2164   -0.2743
  -27.6358   -4.7544  -27.2414   -1.1950
   34.9737   -9.8616  -32.1688    0.6725
    3.1832  -19.0790  -27.8268   -0.6892
   -6.6428  -20.0923  -33.6671    0.6262
   -2.0532  -21.7280  -51.6092    0.1664
    4.3700  -23.5373  -67.0925   -1.7176
   -7.7065  -23.8131  -67.7234    0.9581
  -15.7840  -20.6519  -61.2819    0.3283
    1.2662  -18.0424  -54.6452    0.1890
   -3.3499  -12.6889  -34.8736   -0.7515
  -10.3448  -11.7097  -28.0126   -0.7939
   11.1282  -15.0435  -26.2240   -0.9355
   -2.6840  -15.4062  -30.4147    2.4814
    8.5060  -15.7509  -24.2767    0.1947
   -4.8079  -14.8897  -21.8304   -1.6301
   10.5097   -8.0870  -16.4668    0.4329
   23.4630   -1.6184  -21.0175    0.7565
    2.1602    0.6567  -30.4910   -0.2813
  -29.5273    5.4544  -18.7279    0.4995
    9.6565    7.5929   -6.2792   -0.2806
   27.6204    7.2509   -0.6512    0.0101
    9.0965   10.8899  -10.8026    0.7653
  -18.5304   14.4921  -28.1553    1.9666
    0.2274   17.4164  -25.4006   -0.2160
  -13.9197   16.4065  -17.6003    0.9148
   10.7471   16.4934  -15.1717    0.7912
    7.9993   18.6683  -13.6031    0.4163
   12.1422   19.9859  -24.3708    1.0417
   14.7763   34.4858  -18.0482    1.9429
    3.5475   37.1173  -17.3924    1.0704
   21.3649   39.3514  -13.5267    1.5156
   -5.2978   43.8080   -8.8637    0.5157
   -0.6099   44.8876   -7.2780    0.8421
   -0.4285   42.0271   -2.9740    1.9596
   -0.9510   38.1499   -2.5760    1.1011
   -5.2012   31.7228    6.6676    1.7399
   26.6435   26.3571   -0.1567    1.2570
    5.7723   33.2833    6.8840   -0.3775
  -15.2827   36.6318   16.3141    1.7123
   10.2278   35.9975   18.5595    0.4149
    8.1693   37.6990   29.5119   -0.5829
   -5.7427   43.6607   16.3997   13.4084
   -6.1610   44.8616    0.6289    1.2392
    8.1848   39.1524   10.3545   -0.5285
    4.4601   39.5796   15.5553    2.0526
    5.3401   39.9305   29.1341    1.8393
    5.4299   40.0753   27.5026    0.3292
    2.7705   35.8536   22.7843    0.7772
   -6.4420   25.0475   36.1375    0.7380
   -2.1333   19.6901   42.6227    0.2382
    1.1567   18.0382   52.4338    1.7932
   -6.3020   24.2635   51.4393   -0.3011
    0.6710   28.1976   45.0359   -0.1847
    7.8273   27.0911   35.5375   -7.5283
    4.6396   22.2818   37.3338   -0.5679
   -8.6447   17.7115   46.1974    1.4729
   -1.8932   20.2052   40.4418    1.2934
   -3.3859   22.6103   44.8353   -0.3981
    1.0315   20.3966   56.3131    1.1522
   -3.5731   19.3941   58.8900    2.1988
   -0.9524   21.9870   57.9883   -0.2004
   14.0616   25.5455   63.6884   -0.0572
   -4.0986   31.6388   60.7105    1.4046
   -2.1525   34.6689   46.8113    0.6278
    1.0604   36.2666   38.9242    0.0782
   -8.2141   37.4276   38.5136    2.1585
   -0.0164   38.4130   42.6645    1.5243